474
474
584
584
608
608
660
660
843
843
1311
1311
1725
1725
1890
1890
1923
1923
2083
2083
2255
2255
2360
2360
2733
2733
3133
3133
3388
3388
3467
3467
3548
3548
3740
3740
4108
4108
4237
4237
4274
4274
4413
4413
4506
4506
4529
4529
4551
4551
4581
4581
4819
4819
4826
4826
5025
5025
5238
5238
5273
5273
5315
5315
5703
5703
6222
6222
6476
6476
6522
6522
6632
6632
6995
6995
7272
7272
7290
7290
7474
7474
7508
7508
7568
7568
7641
7641
7721
7721
7728
7728
7801
7801
7882
7882
8031
8031
8059
8059
8135
8135
8469
8469
8621
8621
8645
8645
8670
8670
8720
8720
8820
8820
8918
8918
9177
9177
9707
9707
10071
10071
10108
10108
10189
10189
10343
10343
11021
11021
11126
11126
11332
11332
11818
11818
11943
11943
12021
12021
12122
12122
12148
12148
12188
12188
12322
12322
12588
12588
12710
12710
12887
12887
12952
12952
12968
12968
13011
13011
13067
13067
13126
13126
13221
13221
13419
13419
13557
13557
13776
13776
13853
13853
13912
13912
13913
13913
14129
14129
14146
14146
14433
14433
14775
14775
14986
14986
15097
15097
15426
15426
15496
15496
15776
15776
15839
15839
15893
15893
15963
15963
16462
16462
16527
16527
16821
16821
16850
16850
16872
16872
17204
17204
17321
17321
17368
17368
17463
17463
17669
17669
17955
17955
18083
18083
18159
18159
18165
18165
18321
18321
18337
18337
18501
18501
18854
18854
19122
19122
19593
19593
19599
19599
20019
20019
20484
20484
20493
20493
21013
21013
21022
21022
21417
21417
21572
21572
21603
21603
21981
21981
22020
22020
22360
22360
22675
22675
23162
23162
23396
23396
23677
23677
23817
23817
23843
23843
23888
23888
24231
24231
24424
24424
24512
24512
24523
24523
24636
24636
25017
25017
25098
25098
25131
25131
25515
25515
25564
25564
26265
26265
26297
26297
26476
26476
26494
26494
26982
26982
26995
26995
27572
27572
27772
27772
27833
27833
27986
27986
28005
28005
28023
28023
28027
28027
28097
28097
28611
28611
28648
28648
28725
28725
28969
28969
29218
29218
29233
29233
29336
29336
29493
29493
29507
29507
29556
29556
30059
30059
30291
30291
30591
30591
30947
30947
30952
30952
31008
31008
31018
31018
31205
31205
31428
31428
31478
31478
32103
32103
32236
32236
32595
32595
32798
32798
32904
32904
32986
32986
33366
33366
33396
33396
33431
33431
33736
33736
33971
33971
34606
34606
34699
34699
34721
34721
34723
34723
34792
34792
35076
35076
35243
35243
35482
35482
35527
35527
35736
35736
35798
35798
35851
35851
35984
35984
36104
36104
36141
36141
36304
36304
36428
36428
36561
36561
36758
36758
37125
37125
37137
37137
37439
37439
37628
37628
37773
37773
38059
38059
38642
38642
38700
38700
38782
38782
38794
38794
39319
39319
39333
39333
39457
39457
39943
39943
39964
39964
40276
40276
40509
40509
40584
40584
40677
40677
40785
40785
41037
41037
41221
41221
41521
41521
41606
41606
41729
41729
41734
41734
41778
41778
42096
42096
42098
42098
42125
42125
42725
42725
43159
43159
43172
43172
43208
43208
43252
43252
43379
43379
43473
43473
43624
43624
44651
44651
45010
45010
45094
45094
45879
45879
45968
45968
46254
46254
46349
46349
46683
46683
47058
47058
47101
47101
47219
47219
47459
47459
47943
47943
48009
48009
48052
48052
48538
48538
48549
48549
49032
49032
49043
49043
49152
49152
49378
49378
49547
49547
49575
49575
49686
49686
49857
49857
415
415
452
452
685
685
989
989
1139
1139
1164
1164
1269
1269
1334
1334
1398
1398
1551
1551
1599
1599
2721
2721
3001
3001
3146
3146
3181
3181
3708
3708
4573
4573
4865
4865
4982
4982
5099
5099
5426
5426
5445
5445
5560
5560
6762
6762
6802
6802
6985
6985
7795
7795
8126
8126
8682
8682
8838
8838
9610
9610
9631
9631
9736
9736
10548
10548
10966
10966
11577
11577
12009
12009
12725
12725
12863
12863
13550
13550
13732
13732
13750
13750
14511
14511
15101
15101
15615
15615
15748
15748
16115
16115
16161
16161
17248
17248
17282
17282
17918
17918
18147
18147
18213
18213
18906
18906
18935
18935
19568
19568
19644
19644
21319
21319
21377
21377
21858
21858
22689
22689
22994
22994
23787
23787
24146
24146
24652
24652
24856
24856
25230
25230
25324
25324
25376
25376
25572
25572
25596
25596
25961
25961
26221
26221
26281
26281
26287
26287
26504
26504
26840
26840
26916
26916
27015
27015
27230
27230
27634
27634
28335
28335
28591
28591
28665
28665
29376
29376
29385
29385
30552
30552
30894
30894
31017
31017
31660
31660
31696
31696
33231
33231
34263
34263
34377
34377
34382
34382
34557
34557
35266
35266
35730
35730
36063
36063
36165
36165
36198
36198
36261
36261
36955
36955
37276
37276
37693
37693
38008
38008
38041
38041
38714
38714
39064
39064
39528
39528
39754
39754
40813
40813
41571
41571
42318
42318
43570
43570
45066
45066
45159
45159
45656
45656
45901
45901
46570
46570
47565
47565
48891
48891
48980
48980
49319
49319
199
199
284
284
343
343
777
777
935
935
1523
1523
1628
1628
1718
1718
1783
1783
1843
1843
1934
1934
2164
2164
2578
2578
2676
2676
2774
2774
3091
3091
3829
3829
3935
3935
4104
4104
4385
4385
4479
4479
4539
4539
4760
4760
4890
4890
4980
4980
5397
5397
5438
5438
5441
5441
5494
5494
5613
5613
5714
5714
6129
6129
6429
6429
6717
6717
7000
7000
7526
7526
8326
8326
8581
8581
8658
8658
8709
8709
8970
8970
8983
8983
9411
9411
9524
9524
9763
9763
9838
9838
9897
9897
10049
10049
10916
10916
11113
11113
11311
11311
11610
11610
12019
12019
12549
12549
13024
13024
13148
13148
13149
13149
13185
13185
13720
13720
13877
13877
13906
13906
13917
13917
14107
14107
14220
14220
14363
14363
14625
14625
14759
14759
14899
14899
15013
15013
15483
15483
16270
16270
16543
16543
16551
16551
16653
16653
16823
16823
16947
16947
17890
17890
18188
18188
18222
18222
18233
18233
18547
18547
18592
18592
18880
18880
18996
18996
19054
19054
19702
19702
19876
19876
20011
20011
20365
20365
20507
20507
21270
21270
21365
21365
21367
21367
21593
21593
21865
21865
21973
21973
22045
22045
22227
22227
22257
22257
22266
22266
22363
22363
22628
22628
23364
23364
23842
23842
24438
24438
24499
24499
24623
24623
24625
24625
24735
24735
24837
24837
25058
25058
25077
25077
25476
25476
25674
25674
25801
25801
26684
26684
28914
28914
29315
29315
29424
29424
29604
29604
29607
29607
29686
29686
29824
29824
30215
30215
30250
30250
30553
30553
30668
30668
30893
30893
30956
30956
31065
31065
31442
31442
31562
31562
31931
31931
31959
31959
32135
32135
32267
32267
32343
32343
32394
32394
32446
32446
32999
32999
33069
33069
33104
33104
33171
33171
33225
33225
33242
33242
33344
33344
33408
33408
33432
33432
33659
33659
33904
33904
33942
33942
34042
34042
34213
34213
34982
34982
35010
35010
35545
35545
35613
35613
36021
36021
36841
36841
37005
37005
37210
37210
37706
37706
37909
37909
38148
38148
38485
38485
38651
38651
38671
38671
38781
38781
38803
38803
38989
38989
39170
39170
39172
39172
39209
39209
39220
39220
39496
39496
39684
39684
40239
40239
40316
40316
40438
40438
40503
40503
40534
40534
40713
40713
40792
40792
41065
41065
41127
41127
41661
41661
42181
42181
42888
42888
42892
42892
43217
43217
43320
43320
43397
43397
44017
44017
44207
44207
44221
44221
44434
44434
44633
44633
44902
44902
44942
44942
45126
45126
45151
45151
45183
45183
45202
45202
45489
45489
45750
45750
45867
45867
46128
46128
46373
46373
46529
46529
47033
47033
47093
47093
47244
47244
47370
47370
47384
47384
47581
47581
47741
47741
47795
47795
47920
47920
47973
47973
48993
48993
49133
49133
49210
49210
49294
49294
49352
49352
49500
49500
109
109
387
387
467
467
600
600
752
752
911
911
1116
1116
1290
1290
1575
1575
1670
1670
1756
1756
2093
2093
2202
2202
2224
2224
2232
2232
2277
2277
2346
2346
2431
2431
2433
2433
2623
2623
2828
2828
2989
2989
3404
3404
3618
3618
3685
3685
3850
3850
3920
3920
4010
4010
4148
4148
4292
4292
4316
4316
4448
4448
4559
4559
4719
4719
4749
4749
4754
4754
4854
4854
5307
5307
5675
5675
5740
5740
5811
5811
5849
5849
6173
6173
6316
6316
6483
6483
6657
6657
6787
6787
7225
7225
7472
7472
7671
7671
7741
7741
7760
7760
7898
7898
7976
7976
8124
8124
8196
8196
8325
8325
8373
8373
9070
9070
9337
9337
9520
9520
9534
9534
9778
9778
9876
9876
9926
9926
9993
9993
10003
10003
10138
10138
10289
10289
10955
10955
11055
11055
11347
11347
11421
11421
11947
11947
12158
12158
12324
12324
12367
12367
12376
12376
12388
12388
12706
12706
12747
12747
13048
13048
13173
13173
13634
13634
13645
13645
13712
13712
13846
13846
13883
13883
13911
13911
14138
14138
14411
14411
14431
14431
14442
14442
14571
14571
14605
14605
15045
15045
15060
15060
15139
15139
15178
15178
15319
15319
15440
15440
15499
15499
15904
15904
16033
16033
16051
16051
16106
16106
16109
16109
16127
16127
16147
16147
16483
16483
16530
16530
16623
16623
16990
16990
17268
17268
17323
17323
17560
17560
17810
17810
17878
17878
17944
17944
18278
18278
18326
18326
18432
18432
18435
18435
18529
18529
18543
18543
18545
18545
18696
18696
18905
18905
19137
19137
19256
19256
19380
19380
19411
19411
19657
19657
19870
19870
20556
20556
20565
20565
21085
21085
21126
21126
21630
21630
21635
21635
21682
21682
21695
21695
21716
21716
21800
21800
22147
22147
22390
22390
22423
22423
22618
22618
22834
22834
23292
23292
23328
23328
23389
23389
23723
23723
23953
23953
24029
24029
24082
24082
24432
24432
24522
24522
24654
24654
24673
24673
24681
24681
24751
24751
24765
24765
24957
24957
25174
25174
25215
25215
25505
25505
25680
25680
25681
25681
25824
25824
25876
25876
25972
25972
25999
25999
26049
26049
26544
26544
26563
26563
26734
26734
26735
26735
26790
26790
27117
27117
27257
27257
27592
27592
27628
27628
27788
27788
27958
27958
28098
28098
28240
28240
28361
28361
28646
28646
29241
29241
29381
29381
29461
29461
29511
29511
29542
29542
29969
29969
30031
30031
30095
30095
30105
30105
30204
30204
30212
30212
30264
30264
30578
30578
30607
30607
30630
30630
30795
30795
30826
30826
31014
31014
31156
31156
31186
31186
31318
31318
31341
31341
31420
31420
31626
31626
31932
31932
31978
31978
32106
32106
32279
32279
32458
32458
32572
32572
32722
32722
32924
32924
32956
32956
33074
33074
33190
33190
33326
33326
33530
33530
34328
34328
34385
34385
34427
34427
34595
34595
34607
34607
34729
34729
34976
34976
35061
35061
35106
35106
35139
35139
35195
35195
35423
35423
35628
35628
35683
35683
35790
35790
35882
35882
36127
36127
36195
36195
36321
36321
36461
36461
37189
37189
37442
37442
38074
38074
38469
38469
38500
38500
38616
38616
38730
38730
38731
38731
38732
38732
38928
38928
38979
38979
38980
38980
39357
39357
39485
39485
40488
40488
40507
40507
40528
40528
40658
40658
40750
40750
40902
40902
40972
40972
41140
41140
41407
41407
41496
41496
41505
41505
41767
41767
41827
41827
41883
41883
41968
41968
42022
42022
42035
42035
42067
42067
42207
42207
42570
42570
42718
42718
42962
42962
43161
43161
43467
43467
44006
44006
44075
44075
44143
44143
44500
44500
44556
44556
44797
44797
45019
45019
45053
45053
45298
45298
45715
45715
45769
45769
46089
46089
46157
46157
46522
46522
46561
46561
46664
46664
47078
47078
47405
47405
47472
47472
47503
47503
47521
47521
47561
47561
48224
48224
48475
48475
48477
48477
48583
48583
48674
48674
48783
48783
48967
48967
49013
49013
49023
49023
49080
49080
49201
49201
49266
49266
49296
49296
49403
49403
49413
49413
49532
49532
49777
49777
49800
49800
49849
49849
93
93
247
247
276
276
330
330
490
490
683
683
822
822
825
825
841
841
845
845
991
991
1246
1246
1406
1406
1788
1788
2035
2035
2233
2233
2703
2703
2856
2856
2878
2878
2975
2975
3153
3153
3302
3302
3357
3357
3483
3483
3608
3608
3824
3824
3957
3957
3986
3986
4133
4133
4488
4488
4510
4510
4700
4700
5032
5032
5183
5183
5303
5303
5475
5475
5589
5589
5768
5768
5874
5874
5877
5877
6264
6264
6331
6331
6530
6530
6793
6793
7030
7030
7180
7180
7279
7279
7292
7292
7466
7466
7569
7569
7607
7607
7623
7623
7652
7652
7745
7745
7885
7885
7979
7979
8021
8021
8147
8147
8176
8176
8182
8182
8345
8345
8641
8641
8848
8848
8903
8903
9217
9217
9457
9457
9754
9754
10324
10324
10442
10442
10443
10443
10465
10465
10829
10829
10833
10833
10934
10934
11076
11076
11125
11125
11246
11246
11312
11312
11433
11433
11699
11699
11806
11806
12184
12184
12289
12289
12609
12609
12911
12911
13178
13178
13191
13191
13239
13239
13411
13411
13539
13539
13565
13565
13901
13901
13992
13992
14012
14012
14094
14094
14098
14098
14451
14451
14693
14693
14798
14798
14923
14923
15034
15034
15378
15378
15441
15441
15480
15480
15546
15546
15686
15686
15854
15854
16313
16313
16337
16337
16414
16414
16504
16504
16550
16550
17348
17348
17457
17457
17681
17681
18200
18200
18336
18336
18794
18794
18848
18848
18972
18972
18985
18985
19151
19151
20050
20050
20328
20328
20475
20475
20807
20807
20833
20833
20887
20887
20973
20973
21145
21145
21345
21345
21581
21581
21640
21640
21657
21657
21834
21834
22310
22310
22454
22454
22482
22482
22538
22538
22632
22632
22633
22633
22820
22820
22855
22855
23137
23137
23190
23190
23282
23282
23357
23357
23635
23635
23719
23719
23856
23856
24212
24212
24234
24234
24255
24255
24261
24261
24266
24266
24278
24278
24318
24318
24859
24859
24923
24923
25280
25280
25289
25289
25487
25487
25488
25488
25512
25512
25603
25603
25652
25652
25904
25904
26034
26034
26138
26138
26373
26373
26385
26385
26399
26399
26466
26466
26624
26624
26727
26727
27085
27085
27091
27091
27135
27135
27160
27160
27265
27265
27288
27288
27407
27407
27468
27468
27494
27494
27661
27661
27709
27709
27766
27766
28226
28226
28229
28229
28357
28357
28427
28427
28469
28469
28478
28478
28594
28594
28794
28794
28843
28843
28853
28853
28897
28897
29018
29018
29448
29448
29471
29471
29711
29711
29754
29754
29883
29883
29966
29966
29987
29987
30003
30003
30048
30048
30071
30071
30072
30072
30130
30130
30442
30442
30509
30509
30816
30816
30882
30882
30989
30989
31119
31119
31270
31270
31454
31454
31914
31914
32194
32194
32440
32440
32540
32540
32884
32884
32886
32886
32893
32893
33068
33068
33124
33124
33280
33280
33520
33520
33558
33558
33744
33744
34341
34341
34414
34414
34692
34692
34752
34752
35089
35089
35220
35220
35506
35506
35517
35517
35754
35754
35799
35799
36013
36013
36432
36432
36469
36469
37007
37007
37245
37245
37417
37417
37799
37799
37822
37822
37852
37852
38046
38046
38082
38082
38376
38376
38440
38440
38532
38532
38739
38739
38848
38848
39896
39896
39967
39967
40222
40222
40505
40505
40683
40683
40739
40739
41009
41009
41445
41445
41520
41520
41627
41627
41899
41899
41986
41986
42555
42555
42867
42867
42923
42923
42973
42973
43017
43017
43075
43075
43422
43422
43529
43529
43791
43791
43855
43855
44082
44082
44105
44105
44345
44345
44493
44493
44722
44722
44850
44850
44868
44868
45079
45079
45269
45269
45291
45291
45517
45517
45545
45545
45692
45692
45911
45911
45972
45972
45977
45977
46048
46048
46057
46057
46469
46469
46504
46504
46605
46605
46656
46656
46763
46763
46902
46902
47152
47152
47276
47276
47529
47529
47546
47546
47583
47583
47614
47614
47957
47957
48015
48015
48054
48054
48097
48097
48366
48366
48445
48445
48646
48646
49060
49060
49290
49290
49308
49308
49347
49347
49440
49440
298
298
395
395
880
880
936
936
1297
1297
1502
1502
1540
1540
1558
1558
1660
1660
1853
1853
2234
2234
2391
2391
2872
2872
2883
2883
3161
3161
3416
3416
3466
3466
3468
3468
3601
3601
3836
3836
4162
4162
4213
4213
4218
4218
4616
4616
4684
4684
4860
4860
4910
4910
5080
5080
5138
5138
5179
5179
5357
5357
5559
5559
5569
5569
5658
5658
5664
5664
5665
5665
5705
5705
5841
5841
5890
5890
5900
5900
6070
6070
6072
6072
6245
6245
6341
6341
6401
6401
6456
6456
6647
6647
6889
6889
6966
6966
7019
7019
7089
7089
7302
7302
7329
7329
7387
7387
7775
7775
7914
7914
8084
8084
8144
8144
8194
8194
8387
8387
8488
8488
8513
8513
8597
8597
8648
8648
8718
8718
8843
8843
9113
9113
9303
9303
9339
9339
9426
9426
9456
9456
9508
9508
10663
10663
10738
10738
10837
10837
11062
11062
11121
11121
11672
11672
11726
11726
11906
11906
12169
12169
12202
12202
12212
12212
12348
12348
12780
12780
12954
12954
13298
13298
13454
13454
13600
13600
13676
13676
13983
13983
14023
14023
14170
14170
14326
14326
14450
14450
14469
14469
14494
14494
14744
14744
15537
15537
15770
15770
15810
15810
15901
15901
16236
16236
16502
16502
16517
16517
16567
16567
16622
16622
16662
16662
16722
16722
16864
16864
16884
16884
16913
16913
16940
16940
17093
17093
17206
17206
17533
17533
17799
17799
17805
17805
17964
17964
18151
18151
18260
18260
18601
18601
18893
18893
19180
19180
19317
19317
19341
19341
19842
19842
19849
19849
19859
19859
20115
20115
20200
20200
20241
20241
20362
20362
20629
20629
20685
20685
20762
20762
20856
20856
20935
20935
20978
20978
21006
21006
21014
21014
21165
21165
21772
21772
21853
21853
22263
22263
22361
22361
22467
22467
22699
22699
22897
22897
22918
22918
22935
22935
23030
23030
23087
23087
23203
23203
23323
23323
23339
23339
23427
23427
23451
23451
23508
23508
23858
23858
23885
23885
23919
23919
24250
24250
24722
24722
24966
24966
24981
24981
25172
25172
25413
25413
25814
25814
25969
25969
26197
26197
26223
26223
26359
26359
26469
26469
26501
26501
26714
26714
26942
26942
27043
27043
27074
27074
27198
27198
27382
27382
27717
27717
28113
28113
28148
28148
28339
28339
28757
28757
28934
28934
29004
29004
29196
29196
29389
29389
29661
29661
30109
30109
30139
30139
30262
30262
30267
30267
30501
30501
30524
30524
30754
30754
30812
30812
30976
30976
31135
31135
31317
31317
31336
31336
31360
31360
31552
31552
31636
31636
31678
31678
31808
31808
31828
31828
32005
32005
32210
32210
32285
32285
32376
32376
32766
32766
33001
33001
33105
33105
33205
33205
33398
33398
33617
33617
33837
33837
33949
33949
34058
34058
34406
34406
34448
34448
34643
34643
34892
34892
35138
35138
35610
35610
35751
35751
35980
35980
36090
36090
36172
36172
36240
36240
36340
36340
36470
36470
36563
36563
36721
36721
36813
36813
36834
36834
36884
36884
36909
36909
36956
36956
37111
37111
37340
37340
37969
37969
38009
38009
38210
38210
38435
38435
38860
38860
38891
38891
38990
38990
39166
39166
39257
39257
39433
39433
39501
39501
39542
39542
39630
39630
39681
39681
40244
40244
40723
40723
40878
40878
40949
40949
41220
41220
41763
41763
41808
41808
41809
41809
41921
41921
41954
41954
42083
42083
42166
42166
42221
42221
42401
42401
42434
42434
42458
42458
42593
42593
42646
42646
42751
42751
42755
42755
43047
43047
43166
43166
43346
43346
43922
43922
44334
44334
44655
44655
44985
44985
45193
45193
45258
45258
45327
45327
45407
45407
45448
45448
45675
45675
45789
45789
45823
45823
46071
46071
46281
46281
46377
46377
46416
46416
46590
46590
46685
46685
46707
46707
46866
46866
46973
46973
47020
47020
47371
47371
47488
47488
47633
47633
48226
48226
48642
48642
48691
48691
48769
48769
48870
48870
49002
49002
49298
49298
49577
49577
49912
49912
49919
49919
49923
49923
166
166
264
264
304
304
440
440
894
894
1337
1337
1338
1338
1491
1491
1514
1514
1588
1588
1606
1606
1685
1685
1777
1777
1794
1794
1877
1877
1887
1887
2009
2009
2291
2291
2298
2298
2314
2314
2443
2443
2563
2563
2727
2727
2805
2805
2957
2957
2971
2971
3096
3096
3213
3213
3417
3417
3524
3524
3693
3693
3793
3793
3916
3916
4530
4530
4575
4575
4589
4589
4642
4642
4708
4708
4772
4772
5021
5021
5106
5106
5409
5409
5468
5468
5586
5586
5621
5621
5660
5660
5771
5771
5885
5885
6233
6233
6301
6301
6370
6370
6427
6427
6518
6518
6547
6547
6979
6979
7147
7147
7405
7405
7640
7640
7856
7856
8069
8069
8079
8079
8099
8099
8652
8652
8715
8715
8771
8771
8987
8987
9107
9107
9233
9233
9343
9343
9479
9479
9489
9489
9801
9801
9887
9887
9953
9953
10005
10005
10091
10091
10300
10300
10340
10340
10484
10484
10928
10928
11104
11104
11580
11580
11731
11731
11931
11931
12440
12440
12615
12615
12996
12996
13008
13008
13061
13061
13106
13106
13316
13316
13510
13510
13757
13757
13963
13963
13981
13981
14224
14224
14226
14226
14252
14252
14352
14352
14457
14457
14617
14617
14624
14624
14783
14783
14800
14800
14858
14858
14893
14893
15010
15010
15203
15203
15811
15811
16114
16114
16429
16429
16525
16525
17270
17270
17335
17335
17370
17370
17419
17419
17430
17430
17543
17543
17778
17778
17849
17849
17977
17977
18382
18382
18514
18514
18658
18658
18793
18793
18856
18856
18995
18995
19121
19121
19144
19144
19275
19275
19300
19300
19523
19523
19634
19634
19667
19667
19801
19801
20009
20009
20046
20046
20412
20412
20550
20550
20706
20706
20756
20756
20773
20773
20895
20895
21060
21060
21119
21119
21139
21139
21143
21143
21342
21342
21598
21598
21625
21625
21685
21685
21777
21777
21802
21802
21848
21848
22525
22525
22560
22560
22975
22975
22986
22986
23002
23002
23064
23064
23068
23068
23110
23110
23210
23210
23316
23316
23421
23421
23454
23454
23553
23553
23694
23694
23705
23705
24643
24643
24645
24645
24860
24860
25276
25276
25327
25327
25560
25560
25587
25587
25690
25690
25787
25787
25857
25857
25868
25868
25920
25920
25996
25996
26031
26031
26172
26172
26510
26510
27874
27874
28304
28304
28358
28358
28597
28597
28657
28657
28878
28878
29256
29256
29404
29404
29405
29405
29510
29510
29570
29570
29587
29587
29992
29992
30066
30066
30288
30288
30348
30348
30572
30572
30672
30672
30854
30854
30924
30924
30993
30993
31142
31142
31287
31287
31431
31431
31448
31448
31493
31493
31744
31744
31802
31802
32257
32257
32344
32344
32441
32441
32476
32476
32504
32504
32623
32623
32681
32681
32693
32693
32853
32853
32952
32952
33340
33340
33556
33556
33665
33665
34223
34223
34308
34308
34331
34331
34340
34340
34384
34384
34482
34482
34701
34701
34769
34769
34898
34898
35169
35169
35294
35294
35516
35516
35584
35584
35701
35701
35733
35733
35771
35771
35874
35874
35943
35943
36263
36263
36447
36447
36617
36617
36659
36659
36726
36726
36922
36922
37075
37075
37264
37264
37363
37363
37466
37466
37549
37549
37558
37558
37841
37841
38119
38119
38245
38245
38458
38458
38524
38524
38702
38702
38711
38711
38759
38759
38972
38972
39289
39289
39325
39325
39411
39411
39680
39680
39884
39884
40430
40430
40836
40836
40872
40872
41018
41018
41079
41079
41117
41117
41129
41129
41238
41238
41277
41277
41286
41286
41500
41500
41594
41594
41670
41670
41713
41713
41884
41884
42040
42040
42451
42451
42750
42750
43057
43057
43416
43416
43719
43719
43874
43874
43991
43991
44026
44026
44097
44097
44393
44393
44406
44406
44410
44410
44544
44544
44823
44823
45281
45281
45409
45409
45563
45563
45674
45674
45680
45680
45831
45831
45849
45849
45953
45953
46329
46329
46392
46392
46852
46852
46888
46888
47112
47112
47203
47203
47443
47443
47654
47654
47919
47919
48719
48719
48756
48756
48916
48916
49250
49250
49384
49384
49466
49466
49737
49737
555
555
937
937
1064
1064
1182
1182
1233
1233
1428
1428
1437
1437
1752
1752
1799
1799
1804
1804
1852
1852
1913
1913
1957
1957
2011
2011
2091
2091
2098
2098
2379
2379
2526
2526
2553
2553
2568
2568
2714
2714
2855
2855
2913
2913
3486
3486
3525
3525
3606
3606
3645
3645
3867
3867
4731
4731
5466
5466
5557
5557
5743
5743
5752
5752
5802
5802
5898
5898
6081
6081
6158
6158
6221
6221
6492
6492
6674
6674
6886
6886
7097
7097
7132
7132
7187
7187
7237
7237
7375
7375
7578
7578
7632
7632
7692
7692
7700
7700
7884
7884
8044
8044
8227
8227
8478
8478
8604
8604
8854
8854
9063
9063
9202
9202
9362
9362
9605
9605
10002
10002
10531
10531
10605
10605
10716
10716
10766
10766
10841
10841
10948
10948
11016
11016
11078
11078
11142
11142
11420
11420
11449
11449
11648
11648
11722
11722
11743
11743
11859
11859
11927
11927
12062
12062
12063
12063
12185
12185
12437
12437
12472
12472
12561
12561
12668
12668
12736
12736
12802
12802
13219
13219
13286
13286
13303
13303
13401
13401
13481
13481
13649
13649
13819
13819
14058
14058
14505
14505
14533
14533
14540
14540
14664
14664
14709
14709
15168
15168
15174
15174
15455
15455
15594
15594
15710
15710
15848
15848
15892
15892
16425
16425
16494
16494
17693
17693
17830
17830
17861
17861
18031
18031
18099
18099
18203
18203
18349
18349
18367
18367
18829
18829
18955
18955
19158
19158
19473
19473
19598
19598
19699
19699
20220
20220
20371
20371
20373
20373
20704
20704
20715
20715
20888
20888
20940
20940
20976
20976
21063
21063
21495
21495
21506
21506
21595
21595
21841
21841
22317
22317
22343
22343
22845
22845
23107
23107
23182
23182
23299
23299
23551
23551
23815
23815
23938
23938
23951
23951
23980
23980
24010
24010
24014
24014
24331
24331
24429
24429
25016
25016
25048
25048
25219
25219
25313
25313
25514
25514
25577
25577
25965
25965
26007
26007
26075
26075
26079
26079
26159
26159
26184
26184
26498
26498
26552
26552
26695
26695
27039
27039
27145
27145
27158
27158
27256
27256
27270
27270
27479
27479
27493
27493
27630
27630
27838
27838
28099
28099
28100
28100
28182
28182
28297
28297
28821
28821
29066
29066
29243
29243
29701
29701
29747
29747
29774
29774
29834
29834
30594
30594
30659
30659
30783
30783
30895
30895
31072
31072
31092
31092
31093
31093
31264
31264
31329
31329
31367
31367
31461
31461
31651
31651
31847
31847
31848
31848
31872
31872
31934
31934
32230
32230
32268
32268
32325
32325
32753
32753
32963
32963
33271
33271
33309
33309
33500
33500
33518
33518
33586
33586
33679
33679
33710
33710
33818
33818
34132
34132
34585
34585
34778
34778
35070
35070
35117
35117
35237
35237
35786
35786
35804
35804
35895
35895
35925
35925
36237
36237
36336
36336
36602
36602
36647
36647
36827
36827
36851
36851
37024
37024
37142
37142
37478
37478
37504
37504
37531
37531
37931
37931
38058
38058
38215
38215
38472
38472
38665
38665
39038
39038
39040
39040
39051
39051
39097
39097
39116
39116
39323
39323
39355
39355
39429
39429
39444
39444
39499
39499
39703
39703
39795
39795
39883
39883
40218
40218
40366
40366
40850
40850
40992
40992
41098
41098
41135
41135
41812
41812
41831
41831
41885
41885
42093
42093
42102
42102
42214
42214
42378
42378
42551
42551
42586
42586
42634
42634
42641
42641
42724
42724
42727
42727
42814
42814
42944
42944
42964
42964
42967
42967
43011
43011
43121
43121
43146
43146
43963
43963
44002
44002
44154
44154
44163
44163
44265
44265
44380
44380
44696
44696
44862
44862
44879
44879
44996
44996
45501
45501
45725
45725
45733
45733
45865
45865
46144
46144
46166
46166
46179
46179
46182
46182
46258
46258
46396
46396
46648
46648
46714
46714
46952
46952
47171
47171
47173
47173
47833
47833
47887
47887
47924
47924
48240
48240
48693
48693
48836
48836
48999
48999
49101
49101
49178
49178
49364
49364
49580
49580
49788
49788
49796
49796
49901
49901
25
25
179
179
197
197
241
241
307
307
1145
1145
1238
1238
1845
1845
2018
2018
2481
2481
2630
2630
2647
2647
3370
3370
3556
3556
3791
3791
4164
4164
4736
4736
4794
4794
4907
4907
4923
4923
5052
5052
5294
5294
5486
5486
5640
5640
5831
5831
5888
5888
6014
6014
6315
6315
6347
6347
6417
6417
6623
6623
6639
6639
6709
6709
6959
6959
6970
6970
7254
7254
7293
7293
7304
7304
7318
7318
7494
7494
7868
7868
7872
7872
7991
7991
8367
8367
8943
8943
9161
9161
10356
10356
10491
10491
11024
11024
11174
11174
11219
11219
11302
11302
11555
11555
11635
11635
11962
11962
11974
11974
12012
12012
12060
12060
12271
12271
12761
12761
13347
13347
13477
13477
13535
13535
13560
13560
13755
13755
13765
13765
13870
13870
14004
14004
14174
14174
14348
14348
14462
14462
14576
14576
14766
14766
14984
14984
15625
15625
16028
16028
16260
16260
16279
16279
16507
16507
17755
17755
17828
17828
18043
18043
18201
18201
18455
18455
18807
18807
19088
19088
19249
19249
19869
19869
19982
19982
20618
20618
20674
20674
20748
20748
20800
20800
20999
20999
21279
21279
21713
21713
21960
21960
22374
22374
22527
22527
22677
22677
22861
22861
22888
22888
23061
23061
23234
23234
23762
23762
23801
23801
24028
24028
24170
24170
24196
24196
24235
24235
24533
24533
24549
24549
25352
25352
25454
25454
26678
26678
26808
26808
27136
27136
28818
28818
28997
28997
29723
29723
29740
29740
29748
29748
29908
29908
29945
29945
30086
30086
30432
30432
30787
30787
31112
31112
31178
31178
31555
31555
31694
31694
32918
32918
32991
32991
33112
33112
33149
33149
33167
33167
33604
33604
33673
33673
33831
33831
34118
34118
34315
34315
34434
34434
34445
34445
34563
34563
34864
34864
34915
34915
35433
35433
36529
36529
36974
36974
37158
37158
37288
37288
37441
37441
37472
37472
37625
37625
37996
37996
38238
38238
38417
38417
38432
38432
39249
39249
39339
39339
39391
39391
39661
39661
39731
39731
39775
39775
39936
39936
39982
39982
40548
40548
40929
40929
40962
40962
41077
41077
41167
41167
41265
41265
41310
41310
41355
41355
41895
41895
41915
41915
41981
41981
42194
42194
42283
42283
42425
42425
42542
42542
42563
42563
42700
42700
42825
42825
43261
43261
43485
43485
43526
43526
43818
43818
44266
44266
45431
45431
46541
46541
46725
46725
46886
46886
47288
47288
47340
47340
47545
47545
47782
47782
48078
48078
48174
48174
48414
48414
49356
49356
49904
49904
2516
2516
2857
2857
2933
2933
3060
3060
3599
3599
4183
4183
4348
4348
5550
5550
5624
5624
5779
5779
5995
5995
6376
6376
8472
8472
9227
9227
9760
9760
10364
10364
10438
10438
10539
10539
10635
10635
10992
10992
11180
11180
11386
11386
11628
11628
11656
11656
11805
11805
11866
11866
12436
12436
12559
12559
13341
13341
13522
13522
13701
13701
13730
13730
14099
14099
14603
14603
14866
14866
15194
15194
15669
15669
16391
16391
16418
16418
16776
16776
16824
16824
17236
17236
18273
18273
18377
18377
18548
18548
20086
20086
20323
20323
20457
20457
20850
20850
20923
20923
20938
20938
21117
21117
21224
21224
21761
21761
22120
22120
22627
22627
23032
23032
23160
23160
23650
23650
24186
24186
24943
24943
25066
25066
25668
25668
26062
26062
26077
26077
26872
26872
27035
27035
27240
27240
27253
27253
27632
27632
27907
27907
28274
28274
28279
28279
28359
28359
28710
28710
28720
28720
28733
28733
28734
28734
28749
28749
29319
29319
29802
29802
29864
29864
30350
30350
31028
31028
31597
31597
32034
32034
32093
32093
32664
32664
32994
32994
33609
33609
33658
33658
34018
34018
34088
34088
34751
34751
34763
34763
34834
34834
34867
34867
34951
34951
35073
35073
35358
35358
35592
35592
35700
35700
35823
35823
35927
35927
36446
36446
37502
37502
37940
37940
38526
38526
38643
38643
38690
38690
39098
39098
39443
39443
39886
39886
39960
39960
40063
40063
40318
40318
40612
40612
41170
41170
41360
41360
41484
41484
41934
41934
42807
42807
42956
42956
43090
43090
43889
43889
44686
44686
45272
45272
46181
46181
46418
46418
46712
46712
46723
46723
46831
46831
46856
46856
46982
46982
47069
47069
47799
47799
47947
47947
48410
48410
48974
48974
49119
49119
49462
49462
49665
49665
49967
49967
174
174
268
268
997
997
1827
1827
1914
1914
2599
2599
2663
2663
3381
3381
3861
3861
4176
4176
4200
4200
5123
5123
5134
5134
5845
5845
5907
5907
5994
5994
6796
6796
7251
7251
7325
7325
7490
7490
8547
8547
8714
8714
8804
8804
9331
9331
9548
9548
10045
10045
10136
10136
11290
11290
11397
11397
11485
11485
11526
11526
11844
11844
11862
11862
11910
11910
12647
12647
13470
13470
13832
13832
13948
13948
14213
14213
14463
14463
14668
14668
14703
14703
15389
15389
15486
15486
15532
15532
15630
15630
15990
15990
16625
16625
16859
16859
16950
16950
17310
17310
18047
18047
18145
18145
18427
18427
18735
18735
19056
19056
19515
19515
20167
20167
20231
20231
20374
20374
20585
20585
20892
20892
21020
21020
21103
21103
21137
21137
21527
21527
21744
21744
21915
21915
22425
22425
23055
23055
23315
23315
23871
23871
24748
24748
24816
24816
24879
24879
25256
25256
25439
25439
25635
25635
26381
26381
26412
26412
27062
27062
27180
27180
27437
27437
27647
27647
27817
27817
27842
27842
27956
27956
27995
27995
28108
28108
28158
28158
29672
29672
30724
30724
31487
31487
31495
31495
32002
32002
32304
32304
33372
33372
35826
35826
36216
36216
36415
36415
36607
36607
36643
36643
37702
37702
38489
38489
38872
38872
38924
38924
39663
39663
40448
40448
41326
41326
41337
41337
41863
41863
42091
42091
42728
42728
42738
42738
42880
42880
43154
43154
43216
43216
43636
43636
43885
43885
43964
43964
45531
45531
47079
47079
47082
47082
47137
47137
47436
47436
47671
47671
48819
48819
49264
49264
49289
49289
49632
49632
49793
49793
33
33
56
56
119
119
2941
2941
3013
3013
3371
3371
3445
3445
3490
3490
3716
3716
4049
4049
4439
4439
4631
4631
4746
4746
5314
5314
5383
5383
6035
6035
6125
6125
6423
6423
6460
6460
6939
6939
7284
7284
7999
7999
8526
8526
9088
9088
9533
9533
9756
9756
10060
10060
10208
10208
10251
10251
10400
10400
10514
10514
11447
11447
12142
12142
12146
12146
13117
13117
13188
13188
13885
13885
14432
14432
14444
14444
15844
15844
16049
16049
16189
16189
16286
16286
17361
17361
17969
17969
18306
18306
18517
18517
19070
19070
19162
19162
19845
19845
19929
19929
20129
20129
20322
20322
20649
20649
20914
20914
21090
21090
21223
21223
21314
21314
22354
22354
23062
23062
23447
23447
23737
23737
23747
23747
23825
23825
24067
24067
24172
24172
24463
24463
24528
24528
24725
24725
24756
24756
25486
25486
25539
25539
25954
25954
26259
26259
26343
26343
26613
26613
26909
26909
26969
26969
27025
27025
27496
27496
27884
27884
29042
29042
29234
29234
29476
29476
29735
29735
29956
29956
30343
30343
30979
30979
31079
31079
31376
31376
31412
31412
31424
31424
31475
31475
31559
31559
31877
31877
32380
32380
32415
32415
32834
32834
33392
33392
33892
33892
34049
34049
34514
34514
34933
34933
35212
35212
36433
36433
36638
36638
36789
36789
37171
37171
37544
37544
38038
38038
38229
38229
38915
38915
39103
39103
40363
40363
40529
40529
42294
42294
43032
43032
43082
43082
44114
44114
44273
44273
44466
44466
44512
44512
45560
45560
45569
45569
45698
45698
47084
47084
47764
47764
48171
48171
48703
48703
49765
49765
